300 300
56 43 51 45 47 57 51 45 49 55 51 52 45 50 52 51 44 59 43 52 45 62 49 56 41 60 46 55 47 51 53 48 55 42 61 48 51 54 45 50 50 59 51 48 50 56 49 53 50 54 52 48 52 55 52 52 54 52 53 48 53 48 50 49 54 45 49 56 52 51 50 49 54 47 47 50 46 51 46 47 63 49 47 53 43 54 50 54 57 44 53 49 51 50 52 49 50 44 55 48 54 46 49 49 50 47 51 47 51 50 46 58 48 57 47 58 41 57 53 50 51 46 45 54 49 50 60 44 55 48 50 43 53 58 43 61 31 65 44 55 54 44 55 50 47 57 47 47 56 50 52 49 51 51 45 62 46 51 48 59 48 46 56 43 58 43 57 47 45 54 47 44 58 42 54 46 52 41 57 44 53 48 44 54 49 51 50 57 47 52 48 50 52 45 49 52 51 51 50 51 58 40 55 47 52 41 63 39 53 46 61 38 56 44 58 46 56 52 49 54 42 58 42 60 47 48 55 46 59 44 54 53 44 55 55 49 60 44 61 35 61 48 56 45 52 48 48 57 52 48 45 56 52 59 42 56 42 58 40 52 54 55 48 48 51 48 49 51 45 60 40 63 38 53 53 49 50 50 36 72 38 63 32 65 42 56 54 53 51 47 55 47 59 44 53 44 52 48 44 66 
62 48 60 53 56 46 64 42 55 47 55 48 58 50 51 55 45 49 54 50 56 51 53 48 48 55 41 56 40 60 51 58 40 60 50 48 49 46 52 51 44 46 53 50 45 50 47 60 53 44 46 48 51 50 46 51 50 49 58 50 50 40 63 31 63 42 56 51 41 53 44 53 53 42 50 47 47 53 48 55 36 62 33 63 48 46 41 58 41 51 49 51 48 46 54 52 59 45 56 51 59 43 54 48 44 55 50 45 49 58 39 58 37 53 48 48 53 47 54 49 50 49 48 50 50 52 44 61 50 49 54 50 48 50 51 53 50 57 51 55 55 50 48 53 44 56 50 43 56 45 47 57 44 54 47 57 48 52 53 49 42 57 46 46 57 52 49 55 50 53 43 55 54 42 58 45 57 46 56 43 60 43 61 44 50 55 48 48 54 60 42 54 48 48 51 51 52 50 49 49 41 59 46 53 49 51 53 56 53 47 56 47 58 44 56 45 60 48 46 56 49 49 49 50 48 49 39 60 42 52 59 52 59 44 55 50 48 47 53 57 43 58 45 55 53 53 54 58 45 57 45 50 46 58 48 53 42 58 42 56 49 49 58 42 46 43 54 52 50 58 47 47 50 45 52 52 51 58 54 52 50 51 49 60 44 50 53 36 61 46 63 41 65 33 57 45 56 48 52 56 
.TTT.....T.........TT...T.T.T.T...T....T...T.........TT..T....T........T.T..........T.T...T...T...T...........T.....T..T.....TT.T....T.......T.T.T...T....T....T......T.......TT.T...T.T..................T.T..T...T.T.T....TT.......T..T...........T.T..........T...T....T...T.T....TTT...T................
T....T..T....T....T........T..........T..T...T......T.....T......T..........T..T....T...T..T..TT..T.TT...T.....T...T....T......T......TT...T......T..........T...TT..........................T...T..T.T.TT......T..T.....T.....T...T..T......T.T.....T..T.....T.T...................T......T.......TT..TTT..
.......T.....T.T....T.............T.T.........TT...T..........T......T.T...........T......................T.T...........T............T.....T.T..T.......T......T....T...T...T......T.T....T......T.........T............T.....T..........T.T....TT..T.T...T.T..T......T....T..T..........T.........T........
.TT......T.......T......T..T..T........T.T..........T..T..T......T..T.T......T..T.T.....T......T.....T..T..T......T......T...T.TT.........T.T.............T.......T...T.T...TT.T.T...T...T.T.....T.....T...............T.....T...T....T....T....................T...............T.........T.T.T.T.....T....T
...........T.......T...T.T..T..T.T........T..T......T..T.............................T.............T........T...T.......T..T........T..T........T.T........T...T..T.............T.....T........T...........TT...........T...T..........T........TT........T...T..............T.T.....T..T.........T.T....T..
.TT....T....TT...T...T......T......T.....T....T..T..........T.....T........T..T.......T..T......T.....T....T.....T...T.........T...TT......T.........T.....T...........TT....T...T...T...T.....T.....T....T....T.TT..T.........T..T...T.....T......T.T.T........TT.T.T....T......T.T..T...T.....T......T...T
...T..........T....................T....T...T...........T..........T....T.T.....T............T.....T....T.....T....T...T..T...T......T.T...T...T....T.....T...........T...........T.......T.....T.......T......T...T...T...T.T.........T...T.T.T...T......T..T.......T.......T.....T....T..T......T......T..
.T.....T.T.T......T..T........T.....T..T......T.....T.T........TT...T.T......T....T...T.......T...............T..............T.....T.....T............T......T..T..T.T.......T.........T..............T...T.T..T.........T........T....T........T...............T.......T..T.....T....T..T.T...T.....T......
....T..........T..T...T..T...T......T.....T.T...........T...T.........T.TT........T....T...T....T.....T.T.T.........T....T......T.........T..T.TT.T........T............T..T....T..T.T.......T..T..T................TTT........T.....T.....TT..T..T........................T...T.............T...T..........
T........T............T.......TT..............T.T....T....T.....................T..........T......T...T...............T.........T.......T...T......T......T..T..T....T.T.T...............TT.........TT.T...T...T........T....T......................T..T..TT.T.....T.....T...T...T.T....T......T.......T....
.T....T....T...T........T.T.........T....T.T...T...T..T...T..T...TT.................T...T....T....T........T....T.......T.T...T.....................T.T..T..................T....T.T.........T..TT....T.....T...T........T.......T..T...T..T..T.T.T....T....T.......T...T......T....T....T..T....T....T.T..T
T.TT...........................TT...................T...T.....T....T.T........T..T..T.T..T.......T......T........T....T.........T..TT.T....TT...T..T.......T.T.T........T...........T.T........................T.TT.......T.T.........T..........................T.....................................T.T.T
.................T.T..T...........T..T.T..............T..................T...........T.......T.....................TT...TT..TT...T......T.......T...T.T.......T.T.T.T.....T.....T.....T..T........T................T...T.....................T.T..T.T..T......T.TT..T....T.T..T..T....T..T...T....T.........
.T.......T....T.T...T.....T.T.............T.T.T.T..T........T......................T..T........TT........T..T.T..T..............T.T.T......T..T..T..T....T....T..T..T..T.T...T....T.......T..T...T.T......T..............T...T........T.TT..............T....................T.T.....T....T......T...T....T.
.....T....T...........T.T..T...T....T.T........T......TT.....T.T...T........T.......................T...................T.............T........T......T...T................T.....T.............T..T...T...T......T......T...................T....T..T.T...T...T...........T.......T.....T.......T..T.....T..
T.....T....T....TT..............T..........T.............T.............T......T..T....TT....T..T...T..T.......T..T....T.....T.TT........T.....T..T.T..T.....T....T..T..........T.....T.....T.......T...........T....TT.T..TT.T..T...T..T.T....T...........T..TT...T.T...T......TT......................T....
.....T.T....T..........TT....TT.......TT...T.T.T..T..T.........T.........T........T.......T......T....T.......T....T.T..........T........T................T............T.....T.T...T.........T...T.T....T....T.T.................T...T....T.T..T.T........T.......T....T.T...T.....TT.....T..TT..T..T....T..
T..T....T..T...T...TT...................T..........T....T..T...TT....T..T........T.T..T.....T.T.....T..T.T..T...............T.....TT.......T....T......T....TT........T...T.......T.T.T.T......T..........T.....T....T.T....T...T..................T....T....T........T..........T...T................T.....
.T....T..................T...T.T..............T...T................TT..T...T............................T.....T.....T......T........T......T.......TT...........TT...TT......T..T..T..T.....T.....T......T..T...T.......T........TT....T.............T.T..............T............T..T....T............T...
T............T.....T...................T....T...T............T..T....T..T......T....T.TT...T.T......T.....T...........T......T....T...T.T...........T.T.T..T.T...............T...........T....T.....TT.T..........T.......T..........T..T..T.....T..T....T.T..T...........TT............T...T...............
......TT.....T....T...T..........T...............T...T...T....T....T...T.T...T...................T....TT....T..T......T..TT............T....TT........T.T.........T...................T...T.......T...T.......T.T..........T....T...T....T....T.................T.......T.T...TTT.T........T.T....T...T...T.
.T..T....T.......T.T...T.....T.....T......T..T..T..T.T..........T.........T..T.T.TT.T.T..TT....T..T..T...T.......T.T........T....T.TT......T.T......T.....T...T..T.....T....TT...T.T....T..T.....T.......T.T........T...T.T.....................T...........T..............T........T..............T......T.
T..........T..........T.T.TT...T.T....T..T..............T.........T...T...T...................T........T.......T..T.....T.T.................T..T.............T....T..TT..T......T....T........T.......T...T....T..............T......TT.......T.....T......T..T..T....T.T..T....T.......TT...T.T.......TT...
..T...T...T...TT....................T.......T....T....T...TTT..........T......T..T.....T..T......T...T.................T.......T......T..T......T.....T..T.T.T..TT...............T.........T............T..........T.T.T..T........T..................T....T.T..............T.....TT............T..T........
........T............T....T...TT......T.T.........T...........T.....TT...T..T.......T..T....T.....T.....T..T.T....TT.....T..T..T...T.....T........T...T..............T.TT..TT......T......T..T...........T........TT.......T..T...T........T..T........TT.........T..T........T.T.....T....T..T........T....
T....T............T...T.........T..T........T..T...T..TT...T...T.T.....T..................T.....T..............T..T..T..T.....T.T..T...T..T..T.T..T..........TT...T..T............T......T.....TT.T.T..T..T..TT.......T..T.T...T.....T....T..T.T..T...........T.........TT..T.....TT.....T.................T
.T.....................T..T.....T....T.T..T..T..........T........T.T.............T..T..T.....TT.......T....T..T............T.............T..........T.......T...T.........T.T..TT.......T....T...T.T.......T...TT...T...............T.............T.T..TT..........T.T...T....T.........T....T..T...........
.T.....T.T..T......T..........................T.T..T..................T.T................T.T............T........T...T....T...........T......T..T...........T...........T........T.............T......T...T..T.........T...T..TT........T.T..T...........T...T.T........T..T...T..TT.T.....T..T...T.T.T...T.
...T..........T.T..T...T......T.TT..T.T..........T..T....T..........T...........T...T.........TT..........................T..T.........T..T.......T..........T...T.T..T..............T.......T.....T...T...T...T..........T........T.T.T......T.T......T.........T..T.....................T......T...T.T....
....T..T.T.T...T.....T..T..T.T....T........T.........T...T.T..TT.T.......T..............T.T.T.......T..TT.T....T......T......TT.TTT...T..........T.....T.T..T...T......T......T...T.....T........T...T....T..T......T...T.T......T........T..T....T...T......TT.........T.............TT.......T...........T
..............T....T...........T.....T.T.T........T.....T............T...T......T................T......T.....T.T.........T........T....T....T.T.........T........T................................T..............T...T....T.T......................T...T..T......T..T....T...TTT....T....T.T.......T.....T.
......T.T......T..T................T.......TT.T...........T.......T............T.T..T...T..T......TT...T.T.T...T.T.T....T...T.......T.......T.....T.T.......T...T.T..T.TT.T....T...T....T.T.T..........T.........T.......T...T.T..T..T..T.TT.T.T.....T...........T.....T......T.......T........T.T..T..T...T
.....T.....T..........TT...T............T......T......T.T....TT.........T..T......T..........T...T...........T..........T.T...T..T.T....T..T.T.....T.T..T...................T........T............T.T.......T........T.......................T..T.T.T.T......T...T........T.....T...........T...........T...
T....T......T.T..T.T.....T.T...T.T...T.......T............T.........T........TT...T.T....T...............T........T....T....T.T........T................T........T..T...T.......T............T.........T..TT.T...TT....T.T.T..T...T........T............T......T...T.................T.T.T........T.........
.......T.T.......T....T.......T.T......T.TT..........T..T...T......T...................T.....T.T....T..T...T..T.T...T....T......T........T...T...........T.T..T......T...........T....T.T.T..T....T......T....T....T.T..........T..............T......T.......T....T.........T....T........T..T........T.TT.
.T...T..T..T....T......T...T.T.....T.T........T........................T..................T.....T..T..............................T.........T......T...T..T.T.........T..TT......T..T.T........T......T................T.....T......T.T.........T..T.....T...T..T...T......T......T.T..T.....T....T........T
T.T..............T.....T.T.....T.T.....T..T....T..........T.TT..T..TT...T...T....T.T...T......T..TT..T..T......T.........T...TT.T...T..T.....TT.T..T..........T.TT...T......TT.........T..........T.T....T.....T.T..T..........T...T.TT.....T...................TT.T..........T.............................
.....T.....TT......T........T............................T....T.T...T....T......T.........................T...........T....T.....T......T.......T.....T.....T.....T......T......T..T.......T...................T..T........T.....T..........T..T...T......T.............T.....T.......T..T.T.......T.T......
....T.T.........TT...T....T.....T.T..T....T........T.T..T............T..T.....T...T......TTTT....TT.........T..T..T.....T.....T.....T...T.T..............T...........T........T..T.T.T...T.T........T.................T........T....T.......TT....T.T..T.....T....T......T..T..T.T.T....T.......T..T......T.
T.T.T.........T........T....TT...T.........T..TT.....TT...T.....T..T..T...T....T.......T...........T..T...T.................T......T.......T......TT........T..T......T..T.......T...T......................T...T..T....................TT.T...........T...T..T.................T..T................T.......
.....T.T.T..T.......TT....T........T......................................T.T.T...TT.....T..T.T.......TT.........T.T.T..T.T.......T..T..T......T........T....T.....T...............T....T...T.......T.........T.......T..TT..........T.........T..T.T....T...........T.T..T...........T.T....T....T.T.......
...T...T........T.............T..T..T...T.........T.T..........T....T..T............T..T..................TT.T.......T......TT........T..T.T.....T......T..T...T......T.......T..T.........T....T....T.T........T..........T....T..T....T..T....T......T...T...TT...T......T...T.T........T..........T.T..T.
T...T...T...T.T.....T........T.T.............T.T.....T.T.T.T......T.........T...T...........T.T..TT.T..T....T..T.TT....T........T........T........T..T........T..T......TT..........T....T.T......T.T....T.T.........T.................T.T....T..T.T.............T........T.........TT.......T..T.T.........
T.T............T.T.......T.........TT...T........TT....T....T...T.....T...T...T.......T...T....T.....................T..........................T........T........T..T......TT....T..................T.T.....T...T......T..TT..T.....T....T............T....T........T.T......T.........T.T...T............T
....T.T..T....T.T...T.T........T..T................T....................T......T.T.T................T.......T..T...T.........T....T.T.T..T..T...........T.......T..T....TT.....T......T.....T.....T.T..........T.......T.....T..........T..T.....T..T....T..........TT.T.............T....T.......T....T....
.T....T..T.......T........T..T....T...T......T..T....T..T...T......TT.......T.T......................T.T..........T..TT..T....TT.....T.T..T......T..T....T..T.T............T..T.T.TT....T.T...T..T.......TT.T....T..T.T...................T...T...T....T...T..T.............T.TT..T...T.T..T..T..T......T...
............T..T.T...T..T....T.T...T....T........T.....T.T......T.........T....T....................T...T...T..T..T.......T.....T..T..........T...T.................T..T............T.............T...T....T...........T..T.T..TT..T...T...T.......................T.....T.T.....T..T.....T......T..T.......
.....T.T..........T......T........T.T..T..TT.T......T............T............T......T...T....T.T........T.............T...T.......T.....T..........T..........T........T.T......T.....T...T..T.T....T.......T..T...T..T.....T.........T..T..T..T.......T......T....T........T.T.....T..T...T.T.......T..T.T
T..........TT......T.T.T......T...............TT..T......T...T..T..........T..T.T.T.....T....T..T.T..T....T....T...T........T...........T...T....T..........T.T.....TT.......T.T...T......T.T..........T...T......T......T....T.....T.......T..T...T.T......TT..........T..T....................T..........T
..........T......T.........T.......T.....T.T........T..T..........T.T.T.........T.T.......T........T.....T.........TT.....T..T.T..T......T...............T..T.....T.....T.T.................T.....T.....T...T.......T....................T......T....T.........T..T.T...............T..............T.T.TTT.T
T.TT....T.......T....T..T.....T.T.....T......T...T.........TT.......T..............T...T....T.....T......T..T...........T......T.......T...T.T...TT.T..T............T.........T...T.....T........TT...............T.....T...T..................T..T.........TT..T....TT...T.......T...T.T.......T...........
.....T......T..T............T...T.T.......T.........T..T.T.......TT..........T..............T.TT....T.T......T.T..T...T.T.....T..T...T...T...........T..................T.T.T.....T..T..........T.....T....T.T...T...T..T.........T......TT..............T..........T.......T....T.....T..........T.T..T....
..T..T..T.T.....T.......T.....T.......TT....T.T..T.........T.............T.........T....T.........T..........T.......T....T..................T...T....T...TT......T....T......TT....T.T.....T.......TT............T.....T.....T.T....TT.......T...T..........T.TT.....T......T.....T.........T..........T..T
.T.........T.T.....TT.......T.....T.....T.T...T.....T...T.......T..T....T.T......T..TT..........T.....T..T....T...............TT.......T..........T..T..T....T.....T..T.T.T.......T....T.....T..T.....T.T..T........T....T...TT.....................T.T.T..T.........T.....T.T.T.T...T.TT....T.T........T...
....T...T......T..T..T..T..T.........T......T....T........T..T...T....T.....TT............T........T..T.....T....T..T....T..........T....T.......T...............T....................T.....T.T..T..T.T..T...T...T...T............T......T......TT.T..T........T..T.T.T..................T.T.....TT........T
...T........T......T......T..T.......T.T..T..........T..............T..T..T....T..T.T..TT.........T....T.............T.......T.....T...TT............T..T...TT....T....T.T...TT..T.....T...T.....T..........T.T.......T..T....T..........TT.............T.....T.............T...TT.................T...T.T..
..T..............T.....T......T...T.T.........T...T.........T...T......T......T............T........T........T........T..T..T.T.T..........T........T............T....T.....T.....T...T..T.T.T.T........T........T.........T.........T..T....TT..T...T.T.T..........T.TT.T.........T..T.T.T..T..T...........
T.T....T....................T....T........TT......T...T.T.T........T.T...T........T......T........T.........T....T...T.............TT.....................T....T........T.....T.T................TT.T.............T...T........T......T....................T....T.........T....TT...................T.T...T.
...T..T...T..T......TT.T..T.......T..T........T....T....T..TT..............T.....T.....T....T.T..T.......TT...T.....T.T.....T.TT........T.......T...TT..T.....T..T.T.T...........T..T.T..T....T.....T...TT.........T...T.T..T...............T.T..T.T.....T..T.T..T.T................T......T..T..T....T...T.
..T.TT...T....T.............TT..T.T...T..T........T...................T........T.T.T............T.T....TT..T....................T.T.....T.T.T.........T..T.T.T......T.......T...T...............T................T...T...T......T.....T...T.........T...............T.T...T.....T..T.T.T.........T......T...
.........T...T.........T......T.....T..................T......T.T.........T....T...T...T.T...T.....T..T...T...T.....T........T....................T.T.....................T.......T.........TT...T.......T......T.....T.....T.T...T.........T....T.T..T..........T.........T...T...........T.T............T.
..T.....T..T..T.............T....T....T.T....TT...T..T........T..............T............T.......T.............T....TT.T......T......T......T.T.......T..........T...T.....T..................T..TT..T....T......T.....T...T.......T.....T...........T.......T...T.T.....T...T.........TT....T.............
.....T.........T.........................T......T.......TT..T....T......T......T.T.....T.....T.T...T........T...........T...TT.....T.........T...T...T......TT..T..T.....T..........T..TT.T...........T....TT..T............T.................T.....T......T....T..........T...T.T.........T.....TT..TT.....
...T...T..T.....T.T.....T......T...T...T..T.......T......T......T.T..TT..T..........T....T........T.T.T.........T..TT..........T.....T....T......T......T..........T.......T...T.T....T....T..T.T..T....T.....TT......TT...............T...........T...T..TT..T.........T.T..T....T..........T......T.T.....
TT..T.......T.T...T.T....T........T...T......T..T......T..T..TT....T...........T...T..T........T......T..T...T.............T.....TT...T..T.....T.......T.......T......TT..........T..........................................T........T.T..T....T.T..............T.................T.T.T...T..T.............
....T..T..T.........T.T.T....T.............T.......T.T..............T...T.......T.............T..T........T.T...T.......T.T..T.....T.....T.T.....T..T...T.T...T...T....T...........T...T...T........TT.....T.....T......T..T.......T..T.......T....T.....T.........T.T..T.......T.......T...............T.T.
............T...T.............T.T.......T....T...........T....T..T......T....T...T.......T.....T...T..T..........T....T.........T..............T.................T...T..T......T.T.......T.......T......T.....T...T..T......T....T...................T........T..T.......T.....T....T.T....T.T.T...........T
T....T...T...T......T......T.....T..TT....T.....T....T..T..T.T........T.........T...T..T.TT......T............T...TT......T.T......T....T.T...T...T..T...T...T................T......T.....T............T...T.T...........T.......TT.....T.T..T..T.......T..........T......T.....T......T.........TT..T.....
..T....T....T...TT...T.......T..........T....T..T..........T........T...T...T....TT............T.......T........T.......T....T.......T......T.T........................T...T....T.......T.....T...T..TT.....T...T...T........T.T....T.....T....T....T.....T....T..T..T....TT..T.......T..........T......T.T.
.TT...............T....T.......T......T.........T.T.........T..T..T........TT.T.....T....T..........TT....TT...........T.....T...T..T...T..T..............T......T...T.......T.T...T.......T......T......T....T...T...T...T.......T....T......T.T......T...T.T.T.........T........T....................T....
...T...TT.......T......T.T.........T....T..T..........T....T...T.T.....T.....T.T......T................T.........T.T...T...T...T..T..T.....T............T...T..T.....T.....T.....T...TT..................T......T........T.T.............T.........T..............T....T...T.....T..T.T..TT.T.T...TT.T......
....T........T..............T..T....T.........T...TT..T......T.......T.T.........T...T...T...T..TT..T........T.....T.....T.T............T......TT.T......T.......T......T.T....T...T.......TT..T...T...............T..T........T..T...T.T....T...T....T.........T........T...T...........T.T.T..T...T....T..
T.T......T...T....T...................T.T......T.........................T...T...T.T..T.....T............T....T.T...................T.T....TT....T.....T....T.T.T.....T....T.........T............T.........T..TTT..........T.......T....T...........T..T....T........T.....TT....T..T............T..T...T..
.........T...T...T.T....T..................T.......T...T...........T....T.....................T..T......T.....T..T...........T.T.............T..............................T.T.T......TT.....T..T....T..T.........T...T......T..T...T........T...T.......T.TT....T.....T.....T..T.......T..T..........T....
...T.......T..T........T............TT.T....T.T.T.......T..T........T.....T..T.......T..............T..T...............T.T.......T..T...T.........T.T....T..........T.TT..T........T.T................T......T...T.T......T.T...T...T....T...T............T..........T......T......................T.......T
T.....T.T....T..T.T.T..........................T..TT....T...T....T.T.T....T...T...T...T.T....T....T......T.....T......T....T..T.......T................T....TT..T...T...T................TT....T.T...........T........................T......T.T.......T......T..T.T.......T............T.T.........T...T...
..T........T..............T..T......T..T...T.T........T.................T..........T...T...T..T...............T........TT...T..T...T.......T......TT......T.T....T...T..........T.....T......T.....T...................T...T........T...T......T..T.....................T.T.....T...T...........TTT..T......
T.....TT..............T...T........TT...T...........T...T.T....T...T...T...T.T.T..............T..........T...T.T.............T....T..T........................T........T..T....T.T.T..T..T.T.........T...............T.................T.T..T........TT.........T...........T....T..T.T..T.T........T....T..
..TT.............T..T....T...T.T........T.....T..T....T....T.....T..T.....T.T.T....T.....T.......T.................T...T.T........T.T..T........TT......T..T.......T.T....T...T...............T.................T...T..T...T.....T..T.T....TT..T........T...T........T.....T......T..............T......T..T
....T...T....T....T.....T......T.....T.....T..............T........T...........T......T...T...T.....T.T...T..T.T......T...T..............T....T......T...T................T.T...TT..T.......T.....T...T.....T.T....T.T..T......T.......T............T...T.........T.........T........T.....T.....T....T.T...
.T...T..T..TTT.T.....T......T.....T..........T...T.....T............T.T....T.T..T.T......T......T..T...T..........T..T...............T.....T...................T....T..T......T...T..................T...T........T.......T..T...T..T..T.T....T.....TT....T....T......T...T.T.........T....T.T..............
...T..............T..T....T..T...T.T...T...T.........T.....TTT.T....T....T..........................T...T.T.T....T...........TT...T...T.T.........T..T..T....TT.....................TT.....T.T...........T....T.T...T.........T............T............T.....TT..T..T..T....T....T.T.T...TT........T..T..T.
T..T......T.T.T..........T..........T............T....T..........T...........T...T............T.TT....T............T..........T.T...........T...TT.......T........T....T.T.T....T.......T..........TT..T...T.T...T...T.....T........T..T......T.......T.............T....T.T..T...T....T....T....T..T.......
..................T...T...T...TT.T..........T...T.........T.............T.T...T...T.T........T..............T......T.T..T.T........T..............T..T.....T..TT....T........T...............T...T...T...T.......T....T.T.T.T......T......T..........T.......T.T.........T..............................T..T
T....T...T..........T....TT.........T..................T...T..TT.............T...T...T.T.T.T.T.....T............T..T..T.T.....T..........T.......T.....T........T.....T....T..T..T....T..T.................T.T......T...........T..T..T.T....T.T............T.....TT..TT...............T........TT.T.T......
..T.......T...........T...........T....T.....T........T............................T..........T..........T.T.TT....T.....T.T.......T....T.............T.T.....T..T........T.............TT...T.T.........T....T..T.T.T......TT...............T..T....T.T..T....T....T..........T.T.T.........T..........T...
...T.....T.T..T........T......TT..........T..T........................TTT.T...T..T........T....TT....T..................T.T..T...T......T....T..T....T............T........T.T..T....T.T....................T.T........T...T..T..........TT....T............T...T.....T..T.T..T.T...T.........T..T...T.....T
T............T.T...T.......TT....T...T..........TT.T....TT.T...T.T......................T...T......T....TT...T......T...........T...........T..T.T.....T.T.T..T......T.........T...T......T...TT.........T......T....T....T.......T...TT..........T......TT........T.......T.......T..T.......T...T.......T.
....T.T.........T.....T..T.....T......T...T...........T.....TT..T.T......T..T.............T...T.....T.............T..T..........T..T..T..TT.......T..T.....T.....T.......T...........T.....T...T.T.T....T.....................T.T..T.T....T.......T.T.......T.TT......T..T.....T...T........T...T...T.T.T...
........TT.....TT.T.TT.T...T.......................................T...T.T.....................T..T...T..T...T..............T....T..........T..T.............T.......TT.....T..T...T...T....T....T..T.T........T.T...TT............T...........T.T..T.....T........T.........T.........TT..T.T....T.........
.T.T.T.......T...........T...T.TT...T.T........T................T..T.T................................T....T..T..TT........TT...T.T...T............T....T.......TT.........T.....T...........T............T.......T.........T..T......T......T........T...........T...T........T....................T..T...T
.T.T.......TT.T........T..........T...................T....T.T..........T..T..T....T..........T..T....T...T..T......T.T.......T.....T..T....T..T..T...T.......T.T.T...T..T...........T......T........T...T.T........T..T.T........T.T...T.T......T.........T........T...T..T.T.....TT.....................T.
......T...........T.T.....T............T.T..T.T...T.....T....T.........T.T...TT.T.....T.....T.T.....T......T...T.................T.........T........T....TT..........T......T..........................T...T.....................T.......T..T..........TT........T..............T.............T...T.T..T.T.T
...T..TT.................T....T..T...........T...........T..T..T.T..T.....T.....T........................T........T..T...T..T..T..T....T....T....T....T.....T.T......T.T.TT..T.T......T...T.T....T......T.....TTTT....T.T....TT....T.T.T..T.........T....T.....T...T...T...........T...T.TT.T...............
T..........T...T..T..T............T............T........T..............T...T..T...T.T...........T...T.T.......T...................T..T..T.....T......T.............T..............T..............T...T...T..T.........T............T..........T.T......T...TTT...T...T...T....T....T.......T.TT..T.....T....
....T.T..T.TT......T.....T....T......T...T..T.T.T..T..T.....T.T....TT.....T....................T.T...T..T.....T..T.T..T..T.....T.......T..T...........T.T.....TT.....T.......T......T..................T......T......T..T..TT..........T.....TT...T.........................T.......T....T......T....T..T..T
T..T..........T..T..........T.............T..........T........T..T....T....T......T..T.T....T..............T...............T........T......T.......T....T..T..............T...T.........TT...TT.T.........T.......................T........T........T..T.T...T.....................T...T..........T.........
.T.T.T.....T......T.........T...T.............T............T................T.............T.T.T..T.....T.T.T....T..T...T....T...T..........T..T..T.TT....T..T...T................TT.T...T.........T...T................T.T.T.T......T..T.......T.....T.........T.T.T.....T.....TT...T...TT..T..TT.......T.T.
.T.....T......TT....T...T..TT..........T..T............T.....T.T.T...T.T.T.T.......T.....T.....T.............................T.....T....T............T..T...........TT....T.T...............T.T.T........T....T.T....T...........T..T.....T...T....T...T....TTT....T......T................T........T.......
.........T......................T..T...T.......T..TT.....T........T.....T......T.............T......T....T....T.T...T...T...T..T..........T...T.................T..T.T......T..T.T.T.T.T.T.......T...T..T..........T...T....T......T.T.T......T...T..T.........T....T.T............T...........T.......T..T.
.TT...T.T...TT..T....T.T.T.TT..........T.T....T.....T.............T.........T.......T....TT.....T....T.T...TT..............T........T.T.T.................T..............T................T..T...........T....................T.T.......T.........T....TT.......T.....T...T.........T........T..............
....................T........T.T.....T.....T...T.....T..T...T...T..................T....T..T.T....TT................T.........T..T...T.........TT.T.......T...T....T....T...........T..T........T...T.T.T.T.T...T.......T...............T................TT.T..T.....T.....T..............T....T...T......T.
.TT....TT.T...T.....T.T....T.....T.................T......T........T..T.T.....T.................T.....T..T......T.T........T........T..T.................T.T....T...T......T.T..............T.....T..........T...T........TT........TT......T...T..........T......T...T...........T.............T..T.T.T....
.....T......T.....T......T......T.......TT....T..T........T.T..........................TT..T.T....T..........T.TT...............T.........TT.T.......TT.......T....T..T..T........T.TT.........T......T....T..T.........T....T..T........T.T.T...T.T.T..........T.......T...T.TT.....T.T...T...T..........T.
....T....T..........T.......T.....T....................T...T....T..........T..T.....TT.........T...T.......T.......T.T.....T......T...T.........T.........T................TT..T.........T..T....T.T......................T...T.T.....T......T...T..T..............T..T.........T.T......T...T..T...T.......
..........T..TT...............T..............T...T......T....T........T......TT.T.......T...........T.......T..T....T..........T....T...T....T......T....T.T...T...T............T......T.T.........T...T..T..T...T..TT............T...................T.............T.............T.T.............T.....T.T.
.TT................T....T........T....T...T.......T.............T..T....T..........T.........T.T..T..T...T...T..............TT...T........T....T.........T...............T..TT....T..T.....T...T.T............T....T..........T....T..TT........T.T..T.T..T....T..T....T.T..TT........T..TT....T.......T....
T..T....T.T.....T......T....T........T..T...........T..T...T.......T......T.........T.............T.........T.....T.......T...........T.....T....T...T....T.T.....T..T.T..T.......T......T...T........T.T...T....T...T......T..T..............TT........T......T..................T...T......T..T....T......
....T....T......T.......T....T..T..................T....T........T.T....T.T...T.......T............T..T.......................T...T...T.T.T........T....T..T...T...............TT..T.T.....T...T....T.T...T.........T.......T.....T.......TT.....T...T.T..T.T...T..T..T...T..T.....T......T.......T.......TT
..T...............T.T...T.T........T.................T.......T.....T...T.......T........TT.......T.....T........T..T....T.......T.....T.....T.T.T....T......T....T......T...T............T..........T..........T...T.T...............T...T....T....T........T............T.....T.T...........T........T..T..
.T....T.....T......T........T.....T.............T.T..T....T.....T.............T...T....T..T.T...T.T....T.T.....T...TT.....T..T...........TT..T.........T...T.TT....T.T.......................T........T..T.T...................T......T.T............T.T..T....T.T....T.............T..T....T...T....TT....T
........T......T......T......T.....T....T.T......T........T...T...T.....T....T....T.T.......T.....T.T..........T.....T...T.....T.....T.....T..T.T.T.......T....T..T.T...T..T...T....T..TT.T...T............T....T....T.......T.....T.....T..................T.............T.T........T.T...T...T...T........
....T...T...T...T............................T.T.....T..T..T....T...T......T....T...T.T.T......T......T.....TT.......T.....T.T...T.....TT....T..T.......T.T..........T..........T..............T....T.T..T........T....T.T....T.T................T....T...T...T..TT..T.T...T.T.....T..........T.T...T..T....
TT.........T............TT..T..T..T.........................T.................T...................T......TT....T.........T..........T.T...........T..T...............T.T...TT.........T.T.T.T...............T...T.................T..T.T..T.T........T.......T.....T...................T.T.T......T...T..T..
...T.T....T.....T...T.T....T.....T........TT.T..T.T....T.T....T.T...TT..TT...T.T..........T..T..T...T..T..........T...T...T......T.......T.....T.......T..T.......T......T..........T........T....T..T....T......T....TT.T.TT...T..........T...T.T.T..T...................T...................T.............
..T.T.T.....T.....T.....T.....T...T...T.T.........T.T............T....T......T...TT.....T......T.........T........T........T.......T............T.............T....T...T....TT.....T.T.T...T....T...T...T......T.............T.......TT.T...T.T.........TT............T..T.T.........TT.T.T....T.........T.T
T.......T.........T..........T..T...T.T........T........T.T...T............T..T.....T...T.TT.T.........T.....T....T.T...............T....T.T.......TT...T..TT.....T.............T........T....T..........T........T.T...T.....T....T...............T..........TTT..T.........T.T.............T........T.....
...T.T...T..T.......T.T.....T......T...T.T....T....T.......T...T..T....T.........T..........T......T.....T...........T.T.......................T.T............T..T..T..T.......T...T............T................T........T..T..........T.....TT.......T..T.........T...........T.T....T.T..................
.........T.....T.......T.T................T..T..T.......T.T..T.......T...T..T.........T.......T...T..T..........T...T.....T.T..T.T.T.......TT........T..T.T.........T.....TT.................T...T........T....T....T........T..T.T....T.T........T.....T......T...........TT....T.T...............TT....T..
...T...T....T.T...T........T...T.T...T........T....T..............T.......T..T.......T....T..T..T......T..TT...TT....T.T.............T.T.T...T.T..T..T.......T.T.T...T.T......T.......T.T.........TT..T..T.T.....T..T.T........T..T...T........T.....T.....................T............T.T......T.......T..
..T................T.....T............T..TT.......T.....T.......TT......T.........T...............................T.........T.T............T................T...........T........T.....T...................T.....T.....T................T....T...T.T......T.............T.....T.T.T...T...T..TT.T.T.........
..T....T......T....................T.T......T...T.....T..T...TT...T.T....T....T..T.....T.....T....T.......T..T.......T....T....TT.....................T..........T.T...T......T.......T.....T.T....T.TT...T..T.........T...T.....T...T....T.........T...T..T......T...........T.........T..T........TT...T..
T........T.TT..T..T......T......T.....T...T.......T...TT....T.............T.T......TT...T......T.....................T..T..T.......T..T.....TT...T.T...T....TT......T.....T..T.....T.T....T..T...T..........T.T..T......T.........T.....T..T..T..T...TT..T.T..........T..........T.....T..T..............T..
..T.TTT............TT...T.............T......T...T..T.....T......T...T..........T.......T.T.................T..........T............T...T.....T................T.....T............T....T........T...T.....T..............T......T.T.T.................................T......T.T........T.........T.........
T........T.T....T....T..T.........T.......TT..T..................TTT....T..T...........T.....T.....T.....T...T...TT..T..........T....T.....T.....T...T...T..T.......TT..T...T...T...T....T............T.....T.T....TTT........T......T..T.........T...T....................T...............T........T.T.T...
......T...T...T...T.......T.T...........T.......T..T...TT.....TT....T..TT...T......T.T.T...T.......TT..T..T.T.T....T.............T.T..........T......T....T......T........T..T.....T......TT......T.....T.........T.....T.......T..............T.T.T..TTT..T.T.T.T.......T....T...........T.T..T......T..T..
...T....T...........T....T.....T.T.....T......T......T.....T................T.............T.T..T..T..T.T........T........T...T.........T..........T...T.....T....T.....T.......T.....T.T....TT........T...T..T........T.....T......T.T.T....T.............T..T.T...T....T..........T.T.T.......TT..TT.......
..TT.T........TT......................T...T............T..T..T..TT...T..........T.......T....................T....T.TT.......T.T..T......T........T...............T.....T.T...T.T.T............T........T.................T.T.....T............T...T.T..T..........T..........T..T..T....T.T..T...T......TT.
........T...T...TT.........T...T...T...T....T...T......................T.......T..T.............T.....T...T....T...........T.........T....T....TT........T...T......T.....T.....T..T.......T.....T...T...........TTT....T......T......T.T...................T..T.T...T.TT..T..........T.............T...T...
.T........T........T......T..T..T......T...T.T....T.T........T...T.T..T....T............T.T....T.T.T.....TT.......T...T.T...T.......TT..T.T..T......T......T.........T.T...T.T......T.T...T...T.....T......T..TT..........T...T.........T......T......T..............T.....T...T....T...T..T.T....T.......T.
.......T.....T....T.T.....T..T....T..........T......T..T...........................T.........T.....T.T......T.T......T.........T.................T..T.T........T...T..........T...................T..........T...T.T..............T........T.........T.T..T..T.T.T..T..T..............T..............T..T...
......T.....T....T..................TTT.........T..T.....TT......T...T........T........T..T............T..T.........T.......T.....T...T......T....T.......T.....T....T..........T..T..T...T.....T.........T..........T..................T......T......T.............T...T..TT..TT...T...T......T............
...T.....T..T.......T..T...T.T.T.............T.............TT.T....T....TT.T..T...T..T......T....T.................T....T..T...T........T..T..................T....T..T.T...T.T........TT...T.....TT........T...T............TT..T..T..T....T...T.......T.T.T........T...........T....T..T................T.
...TT..............T....T.......T..T.............T...T..T.......T...........T.....T....T......T...T.T......T.T...T......T........T.T.................T...T.T....TT........T....T...TT........T..........T..........TTT....T................T..T..T..TT.........T.T...........T.............T.T.....TT..T....
.........T..T........T..........T...T....T.T........T..T...T......T.......T....T.T......T..........T..TT..T.T..........T...TT..T.......T...T.T.T..................T...........T.T....T....T.........T...T..TTT................T.T......T....T..............T...........T..T.........T...T..T...T.......T.T..
.T.T...T.T....T...........T..T........T........T.T............T.T.....T.....T..............T..T.T.............T..........T..........T...T...............T...T.......T....T..T.........T........T..T.......T......T.....T..T.......T...TT...............T....T....TT...T...........T.T.......T......T..T...T.
.........T...........T.........T.T......T...T.......T...T..T.T.......T..T.........T....T...T.........T..T...................T..T......T.T.T.....T....T....T....T....T..T......T...T..T.......T..T..T...T......T...TT..T......T.T.T..T...T............T....T..T.T........T..........T.T.T........T........T..
.......T...T..TT.T....T..T...T......T...T..T.T.T..T...T.T........T........T..........T.........TT...............T..T.T..........T..T.........T.......TT.....T.....T......T..T.........T............T.T....T.T............T..................T.T.TT....T.T...........T...T....T..T........TT....T.T.....T...T
...TT...T...T.......T.T...........T...........T.....T...........T..................T.......TT.......T.T......T....T.T.TT........T....T...T.......T..T..T.....TT......T.T........T.T.....TT..T.T........T..........T.....T.....T...T......T..T.......T.............T.....T..........T...............T........
T.T..T....T...T....T....T..T.T.......T.T.....T.T..T......T..............T........T..T...T.......................T..........T.T.....T...T...T.T..T.......T..T......T......T...............................T.T....T....T....TT......................T...T..............T.....T...T....T.....T.T......T.......T
.......T.......T...........T..T...T....T...T........T..T......T......T...T...T...........T....TT.....T...T.T...T........T......T...............T.T...................T........T...T........T.T.T....T.......T......T...T...............TT...........T.......TTTT..TT..T..T..T...T...T.T...........T.T..T....
.........T...T...T.T.....T.T....T..........T...............T.......T....T.....T.....TT.......T.....T...............T.....T.T.T..T....T..T..........T.T.T..................T.T...................T......T......T....T.......T....T...T....T.........T....T...........T...T.............T.......T....T......T.
T..T...........T....T........T.......T...........T.T......T.T.T..TT.......T..T.............T.T.T......T..........T......................T..T.....T.....T.T.T...TT...T...T........T.........T.T.T.....T.T........T.......TT....T........T.....TT.TT...T..T.....T.......T..T.T.T.T.T..T....T...T....T....T....
...TT.T......T...................T..T........T.......T..............TT........T.....T............T........T.T..T..T............T.T.......T..T.T....TT.....T....T...............T...T....T.......T..T.....T....T.....T.......T...T..........T.......T..T..T.......T................................T......T..
.T......T.T..T......T...T.................T...T..T.........T...T.......T..T.T.........T..T.....T...T.....TT........T..T.....................T.........T................TT....T..T..T.T.......T.....T.T...............T...........T....T..T....T.TT.......T...........T.T.T..T..T.T..TT........T..T.T........
.....T..........TTT..T..T.....TT..T.T...TT........T......T..T.....T.T.........T........................T...T...T....T.T.T..T..TT...T..T.......T..........T....T.....T...................T.......T..........T.T..TT..T..T..T.....T.T...T..........................T...............T....T.T....T..T...TT......
...T..................T..T...T........T.....T.....T................T...T..T.......T..T.T.....T.T.....TT..T......T....T.T.............T.T.T........T...T....T.......T.....T....T...T..T..T.TT...........T...T............T.T.....T.T.....T..T.T....T.........T.T......T..T...T...T...........T.........T.....
........T..T.....T...T.......T....T......T.........................T..........T.TT......T..T....T..T.........T.T.T........T....T.........T.T..T........T.....T..T...T..T......................T...TT.T..T........T..T..T...........T...............T.T.....T.............T....T...T.T....T....T..T..T..T..T.
.....T..........T...T..T.T...............T.T..TT.........T........T..T....TT.........T...........................................T..........T..T..T...........T....T........TT.T.........T...T....T...T....TT.T..........TT...T....T..T...T.......T...T..........TT...T....T.....T....T........T......T.....
T......T..T.T.............T...T....T........T.T.T...T..T...T....TT.T...T.......T..T......T.T.....T.....T..............T...TT..T...T.T.T............T....T........T.T.T..T.........T.T...T.....T..............T..T.....T....T...TT.............T..T...T..T...T.....T....T......T.................T.T.T..T..T.
.T.T...T..........T..T......T......T..T.T..........T........T........T...T..T.......T........T.T..T....T....T...........T...............T......T....TT...TT...........T..T.T..TT....T....TT.T.....TT..T..T..........T...T....T........T................T........................T.T..T..TT....T........T....
....T.....T............T...........T.....T.......TT......TT...T.T................T......T..T....T.........................T...T.T.TT......T.T.....T...T........T..T.........................T..T....T......T.......T...........TT......T.............T..............T..T..TT.......T......T................T
T.T...........TT....T.....T..T...T......T.T.T...T........T..........T...T.T.TT.....T.T.................T...T..........T.....T....T.....T.T..T....T..T.....T.....T.....T..T........T.....T..............T.....T........T....T.....T..T.T.TT...T...TT.......T.T.T....T.................T.....T.......TT..TT...
.....T..T...T.....T...T......TT...T..T..............TT........T.....T.........T...........T.......T..........T..........T..............T....................T......T......T..T..T......T............T.....T.......T......T...T.....T.................T.......T...........T...T.T...T..T....T..T..T...T....T.
.T.T.T......TT...T....T...T.....T..T...T...T.T.....T....TT.T..............T...........TT......T..T.TT............TT...T.............TT...T.T..T...T..T...............T..............T...TT............T.T........TT....T.......T.T..........T.T.T.T....T.T......T......T.....T.T.............T....T.........
......T..T.........T.......T..T...........T....T......T..T.T..T.T...TT..T...T....TT........T...T........T.T................T.T.T.......T...........T......T.TT....TT...T.T....T.T....T.....T........T......T..T.........T..........T..T...T.......T..T.T.T.T.....TT.T.....T.....T..TT.................TT....
T.T.T.........T.................T..T.T........T.T.........................T..T...............T.......T.......T..T.T..T.......T.T..T..T..................T........T...T.T..T......T.....T.................T...T..T.T.T.......T..T.T...T..T...T..T.............T........T.....T........T.T..T......T.T........
......................T.T.T............T....T........T..T...T....T................T.T.....................TT.......T....T..T.T...........T...T........T...T.....T...............T....T......T...T..T...............T...T..T..T............T...........T.T.T.........T.....T...........T......T..........T...
..T...T.T..TT.......T...T..T....T...T....T....T...T...T....T..T.T...T...T...T....T...T....T...T...T..............T.......T............T.........T..........T..............T....T..........T.T.T.T..............T.T....T.T..........T..T.....T.T....T.......T.T.........T....T..T..T........T........TT...T..
.T.T....T.T...T...T............T.T.......T.....T....T................T..........T...T....T.T....T.........TT...T.....T...........T.........TT.T......T.......T......T....T............TT............T..T.T................T.T..T.......T..T....T..T..........T...TT..............T.T..T..TT..............T..
.T....T.........T......T.T.T....T.T....T..T....T......TT..T....T..T........T..T.T......T.....T..T...T.T......T..T.......T..T......T..T...T......T.....T.....T..T........T......T....T......T...T.T..........T.T.......T.T........T.T...T.......T...T.T......T..............TT................T....TT..T....T
.....T....T........T.......................T........T....T........T....T.TT...........T..T..........T.T..T....................T..T...T...T.T..........T...T....T................T......T........T.......T............T.......T.....T........T..........T......T..T................TT.............T..........
.........T.....T...T..T.......T.......T..T.............T.........T....................T.............T.....T.......T.........T...T.....T..................T...T..T..T.....TT.T....T.......T..T............T.T.....TT....T...............TT...TT....T.T........T....T.T..T....T..T......T.....TT.....T..TT...T
................T.T....T.....TT...TT..........T.T...T.....T........T..T.T...T..T.....T..T.T.T...T..T..T..T..T.T.......T...T.T...T.......T......T.T.TT....T.T....T.....TT.....T.......T..T....T.T........T....T.T..T........T..T....T.T.........T..T.T...T......T...T.....T...........T.....T...T........T...
...T.....TT........T....T......T......T...T.......T....T.....T...........T...........T....T........T........T..T...T...TT..........T.T....T..T.........T.....T......T.......T.......................T....T.....T.....TT......T.T...........T..T............T...............T.T.T.T......T....T..T...........
..T...T....T..........T....T.....T.....T.......T.....T...T..T.T.......T.T.........T....T.....T...T.......T......T..T.....T..T....T......T.....TT....T.....T....T...T........T..T....T.T.T.T......T..T.T.......T.T..T.....T.T.........T...T..........T....T..T......................T.T...........T..........
T..T........TT...T......T....T.T.....T.....T.....T............T...........T......TT.........T.......TT........T............T.........T....T.T..T..T...............T...T...........T........TT.T...T...................T........T...T....T...T......T.T....T..TT.T.T.........T...T.....T...T...T........T...T
T.......T............T.............T..........T....T....T........T........................T..T..T..........T.......T.T...T....T..TT..T..............T..T...T.T.....T.......T...........T.......T.........T.T......T.T.................T..T........T....T............TT..............................T..T...T
..T...T...T.T..T.....T.....T...T.....TT......T........TT..T........T......T.T...T.T.......T.T.T.............................T.T...........T.T.................T..T....T......T....T.T........T...T.TT........TT.........T...T..T....T....T..TT......T..............T..........TT........T............T......
.T.T....................T...T.................T.T...................T...T.....T..................T..T......T..T......T....T........T.........T.T.T...T...T...T...........TT..........................T....T.T..T.T..TT...T.......T.....T........T.....T......T....T.T....T....T...T..TT.....T.......T.T...T.
.........T.........T.T....T....T......T.............T....TT.....................T.....T.T.T..........T...T.....TT.T...T........T..................T............T...........T....T.T...T.....TT.........T.T..............T.TT.....................T.....T...T....T....T.........T.TT..............TT....T....
T.T......T...T...T.....T.........T..T..T....TT.....TT.T..T.T.T....TT......T........T...T......T.T.....T....T..T........T...T....T....T.T......T......T.T.........TT...TT...T....T.....TTT........T......T.....T...............T..T..T...TT........T..T........T.......T......T......T......T.............T..
......T...........T......T......T.........T.....................T.......T..T..............TT......T.............T.....T.........T...........T.....T.....T.................T.........................T....T.....T...T...TT..............T......T.......T.T.......T.T.T..T........T.T.....T..T......T..T......
T...T...T.T.T..T....T.......T........TT........T.......T.......T...T............T....T..........TT.T....T......T......................T.T..T..TT..............T.TTT..T....T..T........T.T..T...T...T..T.....T.T.T..............T..T...T............TT.......T.T.........T..............T..T.....T.T....T.T..
.T....T...T.....T....T..T......T.T.......................T.T......................T......T.....T...T.....T......T..T..T.......T.T................T.T.......................T...T....T.T.....T.....T.......T.T......T......T.T....T.T......TT.....T....T.............TT......TT..........T..T...T............
T..T...T...T..T...T.......T..T.........T.T.....T......T...T.T.....T......TT..T.....T.......T..........TT.....T...T..T...T.T......T..T..T..T....T....T.T......T..........T..T........T.........T.........T.....T.T...........T.........T..T.............T.........T.....T......T........T..T.....T....T.T...T
.....T..T.......T..T.T....................................................T.T..T....TT.T.....T...T...T...................T.T........T.......T.................T........T.T...T....T....TT........T...T.............T.T..TT....T.......................T.......T.....T....T...T.T............T.......T.......
..T.......T...T.....T...T......T.T.T........T.....T...........TT.T......T....T...T.......T..T...T.......T.....T..T............T..T...T.T..T...T.TT..T..T....TT...T.TT..T..................T..T.T..T....T......T...................T.....T...T.T........T....T....T.....T.T.T.....................T....T.....
....T.T...T..........T....T..T.T....TT.........T...T...T.T.T.T........T.T.........T......T...............T........T....T.T..........T........T...........T...............T..T..T...T.....T...............T.......T..TT..T..T....T....T.T.T.....T....T...T......................T....T......T....T........T..
..T...........T.T......T........T...........T....T.......T....T..T..T.T.....T..T...T..T........T..T...T.......T....T.T.....T...T.T....T..........T..T.........T..T.T................T...........T............T..............T..........T....T..........T...T.T....T..........T..T...T....T..........T.T.....
.......T....T.....T......T...........T.........T..T...T..........T......T......T.T.......T.T..T...T..T.T.T............T..............T.T..............T..T.TT..T........................T.T.T.T.....T......T.....T.....T.....T..T..TT....TT..T.T..T...T....T..........T.TT........T..TT....T...T.T.......T..
.T..TT...........T...TT.......................................T............T......T.....T.......T......T.....T............T..T...T..T.......T......T.T.......T......T..T.....T..................T........T......T..T........T......................T....T..T..T....TT.....T..T................T.T..T....T.T.
...................T....T.....T...T....T.......T.................T...........T...T.TT..T.....T......T....T...........T.........T...T....T.T...TTT......T..T..........T......T.T...T.........T.............T.....T.T...T.T..........T....T.......T.T.........T..........T.............T.TT...........T.......
..T...T.T.TT...T..........T.TTT..T.T.T......T.......T....T.T.............T.T................................T...T...T...............T.......T...............T.......T...T...T..T.T..T....T..T.....T.T.......T.T..................T..T.........T........T...T.TT.T...T......T...T...T.........T.T..T........T
...T............T....T.....................T.T.......T.....T..T.....T..T.......TT.......T..T....T..T.....T.....T.....T...T......T..T.T.T..T.....T....T..T....T..........T.............T..TTT..T..T.T.TT.........T...T.....T....T....T..............T............T.T..T...T..T........T.T.............T......
..T.T.T.....TT...T...T....T.T...T..T.T.T......T.T........T............T......T.....T.T...T............T.............T..T..T.....T.......T....T...T..T........T....T......T..T.....T..........T.........TT....T...T...T........T...T........T..T..........TT...T.....T.T.....................T..T.........T..
.T........T...T.T.......T...............T........................T.T........T.......T..T..T...TT...T....T.T......T.............T.......T...T...T.......T...T..T........T.....T...T..T.T.......T....T.T.....T......T...T.....T.......T....T..........T...T..T.....T......T...........T..TT.T..T.........T..T.
......T..........T...T....................T..T..TT.......T.....T...T....T..T.T..T............T................TT....T..TT.....T.T..T........T.........T.T....T.....T........T.T.........T....T..T............T...T..T.T.T.......T.......T.T..T..T.........................T...............T....TT...........
T..T...T.T..T..............T...T...T..............TT.T....................T.....................T.T...T...T.....T.T..........T...T.......T....T..T............T...T.T......T......T........T..T....T....T..T...T.........T.T..T...............T........T.T...T.T....T...T...T..........T................TT..
..T....T.....T....T............T.T....TT.T..T.T......T.....TT.T.T..TT..T...T..T..TT.........................T..........T...T..T....T.......T...T......................T....T.....T......T.....T.T......T.....T....T...T.........T........T...T..T...T.TT....T...T...T.T........T......T.......T...TT.T......
..........T.T...T...T.T.............T.....T....T......T..T...........T......T.....................TT......T........T....T.....T.T........T...T.......T..T..T...T...T.....T..........T..T....T...........T..........T....T..T.T....T..T..................T......T.T......T...TT....T.............T....T.T....
.T....T.........T.T..T.......T.T..T................T....T.T..T........T....T...T.....T..T............T...T.........T.T.T.........T..T..........T.T...............T..........................T....TT.....T.T..T.T.T.T...........T.T..T...T....T....T........T.......T.T.....T..........T.T.....T..........T..
..T..........T......................T..T.T...T...................TT...............T..T.............T.T....T.T.....T...................T.........T.......T....T.....TT.T...T.T....T..T......T..T.....................T..T...T.........T.T.........T..........T............T....T...T.T...T..T.......T....T...
T..............T......T..TTTT.T..T.............TT.......T..T..TT..T.......T.T...T......T.....TT..T..........T.T..T...T......TT..T.TT...T.......T.........T..............................T...........T..T.......T....T.......T.....T......T.T..T.........T....................T..................T.T.........
.T..T......T.......T...............T.T........T......T...................T..T...T...T......T.T.T...T.....TT.......T......T...........T...T..T.T....TTT.........T...TT..T....TT...T...........T.....T.......T.T.....T........T.TT......T...T......TT..T.......T...T....T..T....T..T.T...T.T......T....T......
T....T...............T.T....T.T..T....T..T...T..TT..T......T....T.....T...............T..T..................T.T........T.....T..T..T.....T......T.....TT..T............T......T.T.........T.T..........T....T.....T...T.T........T....TT....T.T........T...T.........T................T.....T.........T.....
..............T....T.........T.T............T.....................T.T.......T...T..T.......T.T.TT..T................T...................T.........T.......T.....T...T....T..T....T..T.T.........T..TT...T....TT.........T....T..T...T....T.....T....T.....T......T.T......T.....TT..T..T..T......TTT.T......
....T..T.T..T..T..T..............T.TT......T..T..........T.....T.................................T....T...T.T.T.............T.....T.......TT..T.T..T..........T....T...........T...........T..T..T...T...........T...T............T..............T....T.....T...T....TT......T.............T............T...
.................T.T....T..T...................T...T.T.T................T..T..........T......T.......T..........T.T..T.T.T.................T.........T.T....T....T....T.T..T......T......T..T..T..........T.T...T.......T.T..........T.T..T...T.....T..T........T..T.......TT.......T.T.T..T.TT.....T....T..
...T.T..T.T.T.......T..T.T..T..............T.T....T........T...T..T...T.....T.T..T....T...........T..T.T.T..T..T.......................TTT...T....T......T.T.................T.TT..TT....T.......T...T....T...T.....T.......T..............T......T........T.T............T..T...T..............T.T.....T.T.
.T...........T.T.T......T.....T.T.T.............T....T..TT...T.....T..................T.T.T..TT.T..T............T.T...........T..T....T....T...........T...T.....T...T................T.....T..T..T.....T...T...........T.......T...TT..T.T.T..T.......T.......................T.........T...T......T.......
...T.T.............T.T......T.....................T......T..........T................T....................T...T.T.....T.T......T.....T.........T......T.....T.......TT...TT....T...T..........TT....T..T.......T..T.......T...TT..T..............T..T...........T....T........T...T.T..T...T...T..T..T...T..
........T.T..T.T........T....T....T..........T..T....TT...T...................T.T.T......T..T.TT..T........T......T..T...T..T....T....T.......T.......T.....T....................T........T.T.....T..........T.......T................T....T............T....................T.T..T.T........T......T..T...T
..T.......T...........T....T..T..T...T..T..........T......T...T.TT.......TTT..T...T..TT............T..T..T.T.T..T......T..........T..T......T....T....T.T..T.................T.......T..........T......T.....T.T.................T.....T.......TT..T..T..T.............T...T..........T.....................
...T...T....................T......TT..........T............T..T.....T...................T...T....T..T.T............T.........................T.....T......T..T.........T.TT.......T.T.....T...T....T...T.......T.......T.T...T......TT....................T.T..T.T.T.T.......T.....T..T...T.........T....TT
T......T.T.....T........T...........T..T..T..T...T...T....T........T...T..T.........T.T..T....T..................T.........T..TT......T.T.......T........T..........T...........T......T......T...T..............TT...T.....................TT.T.........TT.T....T..T........T...T....T.......TT.TTT...T....
.T....T.............T.........T.T.T....TT..............T.......T.T........T.T.T..T.....T..T...T.T...........T....TT...T..........T.....T.T..T..............T.T.......T..T...T...T...................T.........T.....T......T.....T...T.....T.....T.T.........T...........T..T..T........T..T.............T.T
..........T.T...T...T....................T....T...T...........T....T...T........T..T...........................T.........T.T.T..T.TT.......T.T....T....T.T..........T.........T.........T..T....T.T.......TT.....T..T......T......T......T...T..T..T..T.................T...T........T...T......T...........
.T..T....T...........T..T.T................T......T..T......T........T......T.T.......T.....T.T...T...T.....TT.....T.....T...................T..T.....T..............T....TT....TT.....T............T.T....T.........T...T..T......T................T...............T............T....T.......T..T....T.....
.T.T..T...T...T.......T...T....T.T.T...T..T.T...T...T..T...T..TT................T........T......T.....T.T..T............T.T..T..T..T......T...T.....T...T...........T......T.........T.....T..T..T......T.......T.T...TT.......T..T...T....T...T.T..T.T......T..T.........T.......T....T.....T..T.......T...
..............T.T..........T..T..T..T.T.T..T........T.T.T...........T.............TT......T.......T.T........T.......T.......T.....T..T.........T.....T...T...T...T..T.T...T..T........T...............T......T..............T...T.....T....T..............TT........TT..T...........T...........T..T....T..
.....T....T........T..T....T....T.T..........T...T...........T..T......T.T....................T.T........T.T...T....T....T..T...T.T.....T....T.T.....T.......TT......T....................T...........T..T..T.......T.............T...T...T......T........T.T..T.T..........TT.....T..T..........T....T...T.
.T.....T...T...T..T......T..........T.T.......T...........T....T.....T.....TTT.T......................T.......T.....TT..............T....T.T......TT...........TT......T.T..T.........T.......T.....T.........T..TT..T...T.............T...T.T....T..........................T..........T....T......T...T...
..T.......T..T.....T...T.........T......T.T..........TT...........T.....T.......T...T..TT...T....T..T....T............T.T.T........T...T.......T......T.............T.........T...........T.T...TT....T..T................T.T...T.T.....T.T......T.T...T.T.T....T.T....TT..T...T.........T....T.......T.....
T..TT...........T...T......T...T...T..T...T..........T.T..T.....T...TT........T..........T......................................T.T...T........T...TT.............T......T..T.T.T....T.T.......T..T.........T.T......T.....T..T...T....T..............T........T..T..T.......T..T......T..T........T.....T..
.....T.....T..........T..T..T..............T...T..T............T........T.........T.T.........T.T.T................T...T...T...T.........T...T.T..............T....................TT.....T........T....T...T..........T....T.......T...T...T........T...T.....T..........T....T.T..T...T..T..T......T....T.
.........T...T.T.................T.T........T...........T.......TT........T.....T..........T........T...T.......T.........T.....T....T.................TTT......T.TT..T..T.T....T......T....T......T..T...T....TT.TT.T..T.......T....T....T...T....T.............T.T........T.....T..............TT...T.....
...T...T..T.......T....T............T......T..TT.....TT....TT..T........T..T.......T..TT...TTT.T...T.T......T....T.T....T...T...T..TT.........T..T.T..T........T......T......T....T..T..T....T.T.......................T....T......T.T...T.......T.T.T.T.T..T.T.....T..T..T.......T.TT...............T....T.
...T.T.T.......TT.......T....TT....T........T............T......T.T............T.........T....T........T..T........T..T.......T..........T.T.T....T......T....T.....T....T.T....T........T......T..T.....T...TT.....T.....T...T.........T...T...T................T...T..T...T...T.....T..T..T.T..T..........
...........T......T...T....T.T.T....T....T.....T.............................TT.T.T..............T.............T..................T...T........T.......T.........T...........T....TT.T...T..T.........T.....T.............T.T.......T...T.T................T...T...T......T..T.....T........T.........T....T
...T.T...T.T......T...T......T.T....T..T.....T....TT.T..T.......T.....TT....T................T.....T.T..T.T...................T...............T.......T................T...T........T.T.......T.T..............T..T.T.T..........T...T.......T.....T...T.T.....................................T..T....T....
......T.......T....T.....T......T.....T..T......T.................T...........T....T.T...T....................T..T.T.....T..T....T......T...TT....TT....T....T................T.T...........T........T..TT.....T..T....T....T........T.T.T...T.T.....T.....T...T...T...T.T.T..............TT.......T....T...
....T.T...T.....T...T...TT.....T..........T.........T.T....T.T.T........T.........T......T.T..T.T.......T...T.T........T.T.T....................T...T..T...........................T.............T.T..........TT.....T.....T...................T.......T....T.....T.T........T...T..T........T.T............
.T................T.......T...T.........T..T...T.T.......T........T...T.....T........T.T...........T......T..T......T.......T.T.T..........T.....T........T.T.T.T..TT....TT......T....T..T.............T.T..T...........T...T...TT......T....T..T...TT...............T......T......T..TT........T..T...T.TT.
T...T.T...T.TT.T......T.T...T.T................T...........TTT....T......T.TT.....T............T.T..........T...T.....T.........T...T..T.T............T....T....T....T.....T.T......T.T...T.......T........T...TT...T....T......T.TT......T....T.............T.T.T....T...T...T...............T.............
T........T........T.......T...........T..T...........T.T.......T.................T.T........T.....T....T......T....T...T..T.T..T......T.T..T....T.......T.....T...T......T.......T.......T...T...T....T.......T.......T..T.T........................T...T.........T.........T.T....T...........T......T.T.T.
.T....T..............TT.T........T.T...........T.......T.....T........T.......TT....T.....T........T...T..T....................T.T............T..T....T.T............T..T.......T..T..T...T..T..T....T......T..T....T........T..T....TT.....T..T.............T...T......T.................T.T...T...........
...T......T...TT...T..T........T......T.T.T......T....T...T......T..T...T....T....T.T......T.....TT.........T...T.T..T..T....T........T...T...T....T........T.T....T.........T..T...........T.T............T.......T..T....T..........T..T...........T..T.......T..T..T..T.......T.T.T.........T.T.T..T.....
T....T..........T.......T..T....T...T.....T.T..T..T.....T.......................T........T..T...T.......T......................T...........T....T..........T...T.......TT.........T....T..T.....T..T....T...T......T.........T..T......T.....T.....T.........T..........T.T...T........TT.T...T...T.T.......
...T..T.....T...T....T........T....................T.......T...TT....T....T..T.......TT.T...T.........T....T...T..T.T.....T.T...T.T...T.T....T...............T...T..T.....TTT.T.....T.....T.T.........T.T............T..T.................T...T..T.T.T.........T..T................T............T......T.T..
.T...T.....T..T...T........T....T....TT........T....T...T.....T.T................T........T..T.....T.T.......T.T......T........T..T.T...T...T..T.T.T......T...T.................T.T.....T.............T.T.T....T........T.T..T......T..T.....T.........................T....................................
...T....T...........T....T.......T.T....T..T....T...........T.....T..T...T.T.T..T.T....T.......T................T...T..................T...............T..T..T.T..T..T.T...T..........T......T...............T.....T.T.....T......T...........T..........T.T..T.......T..T.T....T............T......T.......
T.........T......T...T.....T.T.........T.......T.T.......TT....T.......T........T..T..T...T....TT....T............T..T.T....TT.T..T.......T........T................T...T................TT...T..T.....T..T....T.......T........T....T............T.......T.T.....T.........T...T...T....................T..
..T...T.T.....T......T.T.T.T..T.T...T....T.TT.......T...T............T...T...T..............T.T..T.T...T......T...........T.........T...T...........T.......T...T...........T....T..T..T...T..T...T.T........T..T.T.T...T..T.T..T....T..T...T.T........T.T........T..T.........T...T.T....T.................
T...........T....T...............T.................T..........TT...T........T..T........T.........T.TT...T.......T.T...T.......T.........T..TT....TT.....TT...T...T.T.TT.................T............T.......T..........T.................T.....T.....T....T...T.......T.T.....T.........T....T..T..T.T.T..
..T.T..T.TT....T...T.T...T.T..T.T.T....T.....T......T....T.......T......T....T....TT.......T..........T......T..........T..T..........T.......T......T..T...............T...TT..T..TT.T.......T....T.....T........T.....T....T.T......T.T.T.T.....T......T..........TT.....T.T...T....T...T.T...T...TT...T..
............T.........T...............T..T.......T...T.T....T......TT..................................T...T..T..T.T...T.............T..T..T....T.T.T.T......T..T....T..........................T................T.T..T...........TT........T....T.............T.......T.T....T....T......T.T...............
T....T........T..T.T..T......T..........T.....T.....T......T....T.................T.........T......T..T....T.T.....T...T.....T..T..T....T...................T....................T...T.T.T........T...........T....T.......T.T....T..T...T....T....TT....T..TT.....T.......T...T....T..T.T...T..T...TTT..TT.
...T..T.T...T............T....T.T........T.T..T.T......T.T..T.......T.T...............T...TT.....T..................T......T.....T........T.T..T........T.......T..........T..T............T.........T....TTT..T..........T...........T..............T..............T.....TT.......T.T......................
..T.T................T.......T.......T...T.T....T...T..........T............T..T.T......T...T....T.T..T...T............T.TT..T..................T...T.T..T..T................T..T.....TT.T....TT.....T....T.....T.T....T.....T.T.........T.T....T......T..............T.T....T..........T....T............T.
......T.T.....T..T..T.T.T...T......T.........T........T..T...T......T......TT...T..T..T....T.......T.....T....T.....................TT.....T..T...........T....T..TT.T...................T...T.....T..T....TT.........T...T......T..T.......T......TT...T..TT..T....T........T...TT............T.T..........
.........T...TT......T.....T.T.T...TT..T........T.T........T.....T..T...TT...................T...............T..T..T...T..T.....T.....T.................T....T........T..T..T.....TT.........T.T.T.....T.....T...T.T......T.....T...T..T......T..T...T...T......T....T......T...T....T........T...T..T......
...T..T.T..T......T...T.T...............T.T...T............T..........T.....T....T......T......T.......T............T.......T...........T......T..T..T....T.........T..T......T.T....T.............T...T...............T.T.T.....T...T..................T...T...T.T...T...........T.T..T.T..T.T.....T...T.T.
..T............T...T.T.......T.TT................T....T..T..T.......T..................T................T....T.T.T..T........T.......TT....TT....T.T..T.........T............T......T......T...TT..T........T.....T...T........T.......TT...T...T....T...T...T...............T.......T...T.......T......T...
............T.........................TT...T...........T........T..........T..T..T...T.T.T...TT.......................T.T.......T..T.....T...TT...........T..........T.T..T...T..T........T............T.T.......T.T....T..T.......T......T..T.....T..T...................T.T.T...T....T....T.......T.......
..T.T..........T.....TT....T....T..T........T.T...T........T.T........TT...........T.....T......T.......T.TT..T.....T...T.T...T.T........................T.........T.......T.T.T......TT.....T.T.....T....T....T......T.......T.......T....T....T....T...T......T.T.T.T...................T....T.........T..
.T.....T.T.T.T.....................T......T............T............T.....T..T..................T....T..........T.T.........T......T.......T...T.......T....TT...T....T.T.........T..........T...TT.......T.T......TT.....T...T..T..........T..T..........T....T...T.....T.T......................T.....T...
..T....T.......T..T.....T...T....T......T..T.T.T..T..T......T.TT...T..TT.......T...T..T.T..TT......TTT...T..T........T........T..........T..T.....T...T..T......T....T..T...T..T...T..T....T....T....T..T......T..T......T..........T..T..T....T....T...............T..................TT...T....T.........T
T..T...T......T.T..........TT.T......T...T.....T..T...T......................................T........................T.T..T.....TT.......T....TT.T........T.T....T..............T..T....T........T...........T.....T..TT.TT....T.T.....T....................T.....T......T.T..T.........T...T...T..........
...T.T...T........T....TT........T..T....T..........T.T.T...T.....T..T.T......T...............T......T.......T.........T........T....T........T....T.....T........T...........T.............T..T......T........T.............T..T...............T..T..T...........T.T.......T.......T...T..T...........T..T.
.T......T.TT..T...T...T..T...T......T.......TT.T........T....T....T.........T........T......T....TT...T..T....T.......T..T....T.....T.....T......T....T.....T.T.T..........T....T.....T..T........T..T....T......T......T............T.T..T.T....T........T.T.........T.T........T...T......T.T.......T.T...
....T.T......................T...T...T..T.......T...T....T...........T...T........T.....T.......T..........T.T......T......T...T..T...T............T.....................T..T.........T.T.T.T.........T.T..T...T..T....T..T.........T.......T........T.T.....T.............T....T..T.....T.T.T..T.....T.....
..T........T.....T..T.T..T.T....T.T...T......T.T......T..T.T..T........T..T..T.T.TT.......TT.T......T..........TT....T..T............T..T.T...T......T...T...T.T..TT..............T..T...........TT.........T................T....T.....T.....TT.....T...T.T.....T....T.....T..T........T.........T..T.T....
..............T.............T............T.......................T..T...T...........T..........T..T....TT...T..............T......T...............T....T..............T...T...T...T.......T.T.T.....T..TT.....T....TT.T....T...T..T....T..........T....T......T...T......TT.....T...T...........T.......T...
.T......T..T...T..T.TT...T....T...........T..T.......T.T.T...T.........T.....T........T.....T..T.....T...T....T.T..TT...................T.TT...T...T..........T...T................T.T...T.......T...................T..T.......T.....T..............T.T....T......T..T....T..T......T....T..........T.T.TT.
................T.........T....T..T.T..T..........T........T..T..T..T..T....T........................T.T...T......T..T........T...T..T.................TT.T....T............TTT.......T..T.......T.......T.T..T................T.....T..T...T....T........T....T........T..T........T.T............T........
.....T.....TT..T.T............T........T...T...T.........T....................T.T...T.T......T.T..............T........T..............T.......T..........T....T...T.......T...T.T...........T.......T.T...........T.T.....T.T..TT..T.T..........T............T......T...................T.T..T...TT.T......T
T....T...T.........T...T...T.......T......T..T.....T...T........T....T...T.....T...T...T.............T...T......T....T...T.....T.......T....T......T...T..T.................T........T..T....T..T..T.......T.T........T..T...................T....T.T......T....T.................TT..T.......T......T......
..T.T....T......T.........................T....T..............T.T.......T..............T.T.............T.........T..T....T........T.....TT...T............T......T...T.T..T....T.TT..T...T.....T..T..T............T.T.........T....T...........T..T....T........T................T...............T.....T.T.T
.....T.....T...T......T..............T...T.T..T.......T....T.........T.T.T.T....TT..T..........TT...........T.....T.....T..T........TT....T....T.T......T......T...T.T.......T.......T....T..T...........T.T....T....T.........T....T...T.T..T.....T...T..TT......T..T..T.T..T.T.........T..................
..T.T...............T..T....T...T.T..T.............T.T.TT....T......T.........T......................T..TT......................T.....T...........T.......TT.........TT............T....T....................T......T...T..............T......T....T.T..T......T...T....T..T....T...T.T...T.T....TT...T..T.T
.....T..T......................T..T......T.T...TT........T.....T...T.....T.T.....T..TT......TT......TT....T............TT...T...............T..T...T..............T.T..TT.T..T.T.....T...T..T.......TT.T..T.T.T..T........T...T.T.T...T.....T....T..........T......T..T.......T.T.T....T........T......T....
.....T.T.T.TT..........T...T...........T............T.................T........T.........T.T..TT.......T......T.T..T..T...T......T.T.T.........T..T..T.............T....................T......T......T.............T...T...T..T..T..T.....T............TT.....T.T..................T.......T...T...T.......
.T.....................TT...T.....TT........T..T..........T.T..T..........................T......T.......T..........T.........T........T..............T....TT....T...........T..T........T.......TT....T.T......T........T.....T........T.T.....T...T..................T.T...T.T....T....TT........T.T......
........T.T.........TT......T...T...........T...........T...T..T.T..T.T..T..T.....T.......T.T..T.T.T..T...T.......T........T..T.........T..T.....T......T...T...T.....T...........T.........T.......T.....T.............T..T.T......T.T.......T...TTT.......T.........T....T...........T.........T..T......T
.TT..........TTT...T.................T...T....T...T....................T.......T...T..T..T.........T....T.........T....T.........T....T....................T..T...........T...T.............T...T......T.....T........T......T.TT........T.TT...T.....T.T....T.T.....T..........T..T..TT....T.......T.......
........T....T.................T.T....T.....T...T..T..T............T....T........T..TT...T...T.T.T...T...T..T.T.......T...T.T.......T...T..........T.T....T.T......T.......T.......T....T..T...T........................T.T...........................T.T.T.....T...T..T....T.......T.........T..T..........
............T....T.....TT..T...T.............T...T...T..T.T.T..T...TT.....TT...........T...T...............T.T.T.T......T....T.T..T.....T.......TT....T.T..........T...T.............T......T...T.T.T...T..T...T..T............T.......T...T..T....T........T..T..T...T..T........T...T...T.T.......T....T..
.......T.....T...................TT..T................T...T.T.T......T..T..T.......T.....T...T..T...T.T..T......................T..............T.....T....T..T.T......T...T....T.T.....T........T...T..........T.T......T..T.T........................T.........T...............T..T.....T..................
...TT.TT..............T.....T..........T......T................T................T..........T...............T.T..T.T..T.T.TT............T..T.......T....T........T.T......T........T.......T......T....T.T.....T.....T..............T..TT.......T..T......T..T..T...T.......T......T................T.....T.T
T.......T.....T....T.T...T...TT.....T....T...TT...TT.T...T.T..T......T.T.T........T......T....T.T.TT...........................T.T..T.T.....T.......T.......T.......T......T..T...T...T......T....T..........................T.T.........T.T.....T..T..........T......T.T.....T......T....T.............T...
.........T..T..T..T....T........T...T....................T..........T....T.T...T.....T.....T.........T.T...T.T.......T.......T....T....T.T.......T.T......T...T..........T.......T.............T...T.......T......T....T.T......T.........T..T.......T.T...T.T......T....T..T......T..T.T..T.T....TT....T...
..TT..T..T.........T......T....T........T.T..TT.....T.T.......T.....T..T......T........T......T....T..T...........T......T.......T....T.T.T.T........T..T.T........TT..........T.....T.............T.......T....T..............T....T.T....T....T.T.T...T.T....T............T...T....T..........T...T.......
.............T....T.T.....T...T.......T........T..........T.T.....T......T.T.....T..T...T...T............T.T.......T......T.....T...T................T..........TT....T.T..T....T...T.T.T.....T..............T.T...TT..T........T......TT.....T......T......T....T..T..........T.T.T.....T.TT.......T....T..
......T..TT.....TT..T.T..........TT......T........T...............T...........T.......T.T.T....T..T..T..........T.....T....T...........T...T.T..T........T....T.....T..........T.........T..T...T..T............T.......T.T.....T....T...........T..T.....T...T............T..................T..T......T.T.
....T..................T........T..T.......T.....T...T......TT..T........T.......T.................T........T.T......TT.......T....T....T...T.T.T....T.T....T....T........T...T............T.........T.....T.T....T................T.......T.T.T.................T.......T......T..TT....T..........T.......
.T..T...T........T.....T...T............T..T....T.....T..T............T........T...T...T..T..............T.....T..T.T...T.........T......T................................TT.T..TT...T...T..T.T...TT......TT..T...........................T.........T...T.T.T.....T..TT.....TTT........T..T.......T..T...T..
.T....T...T...T..................T.T......T...T...T...T....T.....T....T......T.............T..TT....T.T...T.T................................T..TT.....TT..T..T........................T....T.....................T....T...T.......T...T....T........T.......T...T...........................T.T............
...........T...T.......TT...........T..T............T...T........T....T.T...T..T...T...T........T......T.......T......T.T......T............T....................T..T......T...T.T.T..T..T....T......T....T.TT.......T.T.......T.....TT...........T.T..T.T...T.T....T...T.T.....T....T...T.T..T..........TT.
.TT..T.T....T.............T.T.....T......T.T....T.....T...........T........T.....T......T.T..T......T....T..........T.......T.....T.......T...T..T..T.........T......T..............T........T..T.T...T.......TT.....T.......T....T.T........T...T.................T...T......T..T....T........T..T.........
................T.T.T...T...T..T........T.T......T............T.TT..T......T.T.....................T.........T.........T....T.T....T.T.TT...........TT.T.T........TT..T.T...T.....T....T.T...........T..T.T.T.....T....T......T.......T.T.T........T....T....T.T......T.......T.T......T..T..T..............
..........T...T......T..T......T.T.....T...T.............T..T.........T...T..............T......T..T...T.........T..T...T........T.....T...TT.T............T..T...........T......T..T...........T...........................T....TT.....T..T..T.....T...............T.....T..T.......T..T......T....T.T.T...
.T..T...T....T.T.T..T.....T.......T..TT..T...T..T............T.....T.....T......T........T...T...........T.T..........T.......T..T.T...............T.T..T........T....T....T...............T.T...T...................TT.......T......T.................T..T..T..T..T....T........T..T.....T........T........
.......................T............T.......T.....................T...........T.TT.T........TT.T..T.T..............T........T........T.T......TT........T...........T...............T.T...T.......T.T.T.T...T...T......T.T.T......................T..................T.....T....T...........T......T........
T......T.T...T.T.............T.............T.T..T..T..T........T......T..T...T.........T..............T.....T...T...T.T.TT.........T......T.....T.T...T...T.T.T..T.......T.....TT.T....T.T...TT.......T.......T.........T.....TT...T.T.T...T.T...T.T...T............T....T..T...............T...T...T.T.....
......T....T....T....TT...T.........T...T.........T......T....T....T.TT......T.....TT...T..T......T..T...T.....T..T........T.T.......T..T...............T......T...T....T..T........T......T...................TT....T..........T..........T..TT......T.T.T.T..T......T.......T..T..TT....T..T....T......TT.
...TT...T..T.......T.........T.T...T..........T....T..T..T................T...T..T.........T.T..T....T....T..........T........T...T....T.T.T...T.T...T...T.T............T..........T.........T.T.......T....................T......T....T....T..T......T.T.....T.T..T.......T..T...T.T..T..T...........T....
.T....T......T.T...........T...........T.T.....T.............T.......T...T....T.........T....T..T......T.T.TT......T.TT......T.............T........TT.......T.TT....T.....T.TT.T...TT..........T...T....T.....TT...TT.T......T............T.....T.........TT..........TT...T....T...............T..T...T...
....T.......T.T...T..........T...........T......T....T..........T...T.............T...T............T..............T........T..T..T......T...T....T.....T......T...............T...........T.T..T.......T..........T.......T.T...T......T.....T............................T..T..........T.T...T...T.........
........T.......T..T....T.............TT......T.......T..T.T.T..T....T.T..T.T...T..T.T......T.T.....T.........T..T.T..T..T.T.T.T.......T..T.T..T...T.......T......T.T.......T..TT..T.T..T...........T...T....T........T........T....T..T.......T.......T.T.TT..T.T.....T........T.....T...T.....T...........
.....T..T.........T...T.TTT..T............T.........T............T.....T.......................T...T...T.....T........T..........T...T................T.......T........T.T................T......TT.....T.....T...T......T..T...T..T...T..T.T....T............T.....T.........T..T.T........T....T..T.....TT
.T.T......T....T....T.........T..........T........T...T.....T..T.....T...T....T..T.TT.T........T.T.................T....T....T......T....T........T........................T...T.T.....T....T.T...........T.....T..T................T...........T..T...T.........T.....T.T.T......T..T.........TT...........
..T..T.......T..........T.T..T...T........T..T..T......T...T...............T.........T....TT........T.T.T.........T..T......T.T.......T....T.............T........T..T...T....T......TT.T....T........T.T..........T.T..T............T.T...T.....T......T.T..T..TT..T......T.T.........T.T.......T..TT.T..T.
.T.T...T.............T.................T.T...T..T.....T.........T...............T.T.................T....T.....T.T.......T......T..TT.T.T....T.......T....T.....T..T........T.....T......T..........T........T........T...TT............T....TTT.....T.T...T............T....................T....T.........
...........T.TT...TT.............T...............T...T...T.....T....T................T..T..T..T...T..T........TT..T.......T..T............T...T.T.T.......T..T..........T.....................T....T..T..T.T...T..T....T......T....T....T..T....T...T.....T..T........T........TT..T.T.T..T...............T.
.T...T..T.............T........T...T.T.......T...T.T.........T..T...........T..T.......T.T.......T.T.T.T....T...................T.......T....T...T............T....T..TT..........TT.........T..............T....T....T..............T..........T......T.......T.T......T........................TT.T.......
.............TT................TT...............T....T...T...T.....T.T..T..T.T................T..........T.T.....T.......TT......T..T.T....T.......T...T..TT......T........TTT.T....T.......T......T......T..................T..T.T.........T..T....T....T......T.....T...............T...T..T...........T.T
T..T..T...T............T......T.....T.T..T....T.....T..T...T.............T......T...................T.T.....T.....T.T.TT.T....T.............T...T...T...T...T.T.........T........T...T........T........T........T....T....T.............T......T.........T...............T...T..T.......T..T....T.....T.T...
..T...........T....T.T.....T..T.............T............T....T...T..........T.....T..T..........TT.....T......T.....T.....T.......T...T...T...........T........T.T.TT.....T...T............T.....T..T.....T..T.T.T.....T.......T........T.................T..TT.....TT....T.T..T...T......T........T.......
.......T.....T..T....T..........T.......T......T.T..............T.T....T..........T....T..T....T.........T....T...............T...T...T......T......................................T......T.....T...................T.T...T.T....T..T..........T.T..T............T................T........................
